15.7068349928
12.4580254434
7.52942908751
7.24849524205
5.58351893846
8.08759633523
15.1345160289
13.4344046552
9.8636311756
11.7719102564
10.8031700512
16.5315019904
12.9962804394
13.0557896121
10.7284157798
10.0387835414
13.3713774986
15.4588493548
11.0218592522
14.9734945842
13.7542912462
13.9534199213
17.5996404906
9.34064165737
4.99573227355
12.3167891271
4.59861228867
10.0333894887
9.47079950378
7.51085950652
12.9478393101
7.49573227355
8.46981329958
7.24849524205
18.4594238715
12.7293583778
9.32793678373
12.7420268864
8.22035582508
13.7624897862
6.44265125649
11.5733844711
11.4229859587
6.64313472639
8.65248918027
7.88202663467
11.8128434335
9.15396035016
9.76964197685
11.1009024595
12.2024824466
9.44164242261
12.1504679116
13.2183085416
12.8848142873
12.0167931114
7.64313472639
13.463547309
12.7074829179
12.5974820226
12.4409598854
13.8254163867
11.7887858104
11.7012001809
13.2981680823
16.1378633955
9.42934562895
13.840774273
10.1058020663
9.16751649089
9.19847871649
14.300584411
11.2269360185
8.98063892334
12.0090806142
13.1958356858
11.8975615355
13.829899607
12.5057732062
16.0707797023
9.4161004022
12.1377696791
12.2279098376
15.9848628018
10.1662659741
11.8066963725
13.3068114403
8.45124371858
10.8936563546
16.419311305
3.59861228867
9.74300318781
14.5087112708
10.6739583198
10.0567783562
18.2472020612
8.64439089914
10.4662275562
4.98490664979
10.3564619846
12.0715733642
6.33220451018
10.9565454432
13.8556453886
5.49573227355
9.91164605186
11.1629378505
13.9131324796
10.985491608
12.6330272689
13.5445529928
9.49980967033
10.422971251
12.4446216677
9.77811465923
16.9218346719
17.4681464194
7.59434456222
10.9763711969
9.85957386867
11.1207050868
11.0817196401
13.0499228308
13.2611172112
12.5659833556
5.93081679884
7.64313472639
7.70048036579
12.3305430106
13.5087480632
13.0682944974
11.5867192541
14.1431612101
13.8709880516
14.4758082141
13.9867323641
15.3403561996
14.6415428922
14.075085146
12.9337960439
15.2758731335
13.5410819339
15.0363080125
10.7463680801
12.007367068
11.5983993293
12.3147003873
7.99980967033
9.85957386867
12.4762519437
14.6908070593
8.88202663467
11.8879952529
12.2004248929
9.63121178182
10.617402978
8.88687931936
13.4753772439
9.38398945798
10.0102583405
12.9331638721
7.46981329958
10.9847163201
12.7505246691
6.40119738166
16.4529014946
11.9937198352
9.10947179518
13.6160296925
6.49573227355
15.5015666254
6.8903717579
8.91164605186
13.2324619555
11.7354333525
13.7747446766
14.5171854786
8.63579843705
14.6391193447
5.83220451018
12.7983037185
9.55108033504
17.2800779846
16.668884665
8.96981329958
14.7605589248
4.8978952728
10.2085900261
12.3284510668
10.4121603349
5.83073334029
13.4065648339
7.54452243772
5.3978952728
12.2019343512
14.8124133323
8.19295685089
14.927591789
10.3564619846
4.17805383035
12.9900676958
13.1916671067
16.3647474219
11.204414355
17.2772058179
11.5153445712
13.2156508151
9.28074351579
13.2558950816
11.6480459998
5.17805383035
8.2184988713
11.1074254741
14.0136878123
16.9244488801
9.82435896238
11.0535857272
6.69722457734
13.5380621508
6.43182563272
11.712759975
11.7186854952
12.4119343362
12.5506279675
11.046869511
17.3044599089
7.4657359028
11.2319307219
7.59434456222
10.9673710669
13.0615164168
7.77666611902
3.38629436112
11.5202704728
8.18887945411
15.6050213937
12.6305218767
8.48063892334
11.2240046567
11.8658128372
15.5436680323
7.88202663467
10.9776042432
8.94241771052
16.2883206121
13.9280290726
12.4683195
10.1970342477
10.820691571
12.5215835397
10.9847163201
9.38202663467
10.1758672701
9.70930434026
6.23766961828
8.58349630878
9.24641212857
6.7080502011
13.7302644787
12.0486918585
9.29156913956
14.8362420104
11.8274844162
10.0402547113
7.74174701506
11.1098794631
9.89669433162
12.0515946181
13.4127426347
17.0320074147
9.68461172767
9.39362754635
9.09434456222
6.4657359028
8.098421959
15.22446976
4.59861228867
10.4847163201
13.8398051241
13.3639147774
6.68213122712
12.9383520547
9.54221346319
4.94591014906
4.29175946923
12.1490982623
10.8714892952
14.1706479893
2.59861228867
12.8709274366
13.3409679901
12.0215835397
10.7684932116
7.06434819147
18.8877367847
3.60943791243
14.6226679101
8.27666611902
11.5300840943
6.84380542185
12.0525603353
13.2270008129
9.84374994901
8.9026333334
15.6364873266
9.60479323241
8.99980967033
12.5841038967
8.73766961828
9.29831736655
8.08677472691
12.0488797058
12.5334838546
4.29175946923
8.97673374242
13.2043222997
13.0807312122
10.4313310819
13.1188827615
5.93182563272
4.59861228867
9.66296048014
14.9812847015
5.09861228867
13.3032841176
15.1060994312
12.6217277136
9.20455776257
8.5106352941
10.5410299992
4.10943791243
11.9200831991
14.1512456646
12.6144900463
12.7321742364
11.1163941441
13.4402051355
11.613726086
5.78418963392
9.91509695917
13.3962111436
8.43807930892
6.90119738166
11.4871736942
10.780395839
5.795836866
13.4322832027
13.6361308465
10.1590953885
8.71659477352
10.6889133369
10.2538288116
10.1396422879
14.961244471
11.988196321
13.3467052465
11.1745613918
10.7470805846
12.6107410068
9.13579843705
6.23766961828
10.2225762681
9.08349630878
10.375255778
9.24300318781
8.15888308336
17.4741514275
8.9161004022
7.96981329958
12.2624895474
8.94241771052
14.2101631015
15.8694453969
12.5238903046
5.59861228867
9.87161184723
5.38629436112
10.3699009828
8.95519856334
11.6499168361
11.473069088
9.12040086572
15.8414772825
13.846917201
15.7212912528
9.03695260241
12.209940292
8.50733318523
4.49573227355
13.7903188544
9.45833828334
7.89715386764
10.0875500148
9.45532111536
13.7917735629
11.4186979447
9.93244789157
10.6528630294
13.3411865263
15.9756302069
14.0886799844
11.7214789473
15.8961722303
8.99146454711
13.5816970105
9.09441345975
8.43081679884
9.16296048014
11.0847730776
8.3636311756
12.4730978963
17.705695692
5.29175946923
12.7901095728
7.57517381523
7.04342511692
13.0469975738
6.99650756147
11.5222409168
11.8601850575
9.18965474203
8.97733681448
7.88280192259
15.5662766405
14.4659564095
4.88629436112
9.13478960317
12.7543572574
13.3032739825
12.850139517
12.3636157589
12.9098671595
14.3709880516
6.18887945411
14.7464567889
17.867149431
12.7740660629
11.9787348256
13.7050366138
17.5351085878
13.0233977508
13.7243608866
5.99650756147
13.4629350112
14.2139509932
3.59861228867
10.3885614055
7.98898404656
10.7102051944
11.2024824466
9.61204103483
9.12040086572
7.81748811354
11.9732413039
12.3526208792
8.60517018599
11.1899221707
8.06434819147
11.2034055211
14.2320393701
9.49980967033
17.1617459595
7.00125821054
7.43182563272
8.89816270152
12.4869401482
4.60943791243
11.7981126288
15.4257104309
10.9770384723
14.9130423692
17.2794169503
14.3009196581
14.3574253141
6.08351893846
9.87626461189
6.52535169074
7.33220451018
12.1513333379
10.9067547786
16.0511891973
11.4810497597
10.6701195434
12.5579511839
7.87527840768
8.44164242261
11.766416898
16.5368752034
9.02942908751
10.9102237071
8.27811465923
7.84233425196
7.32600010738
11.8716926643
8.28074351579
7.78418963392
16.1329459956
11.7837467471
9.39715386764
9.24300318781
7.02178857705
12.9634309997
10.8570938649
15.0004985598
8.94164242261
12.0535691691
13.7147454279
12.1547875728
15.1960300485
9.83682573115
15.7266005
12.2045022897
13.1594680416
17.3314566847
12.1489229621
7.68213122712
11.5974820226
6.38202663467
8.42725368516
12.6926854367
6.2080502011
9.29156913956
9.33188247728
12.4142522787
8.86753445046
8.9161004022
13.8674457812
7.5106352941
14.271804465
3.88629436112
8.31711115996
11.4592759601
3.88629436112
7.34710753072
12.5093626123
12.0438134211
13.3089179353
17.3523315877
8.79894924686
11.5908521237
14.1983934701
10.3977049431
12.4009607316
11.7553088118
12.1148201701
5.59434456222
12.3187422527
9.10924758276
9.40808293817
10.0673198487
8.06434819147
13.1860917279
8.73009978297
8.24300318781
10.2146080984
8.90191719673
12.1958853913
12.0061412367
11.5143357373
11.157282793
10.0443321081
10.9963172318
10.6739583198
11.5218592522
11.6633713165
13.7241207251
8.91673228251
13.8100556077
8.13121178182
8.44164242261
10.0366915976
13.3108787208
14.2873014131
14.3522037026
4.90119738166
9.14439089914
13.1607298714
8.27666611902
5.79175946923
9.72862861308
13.2384418021
11.5432733467
10.2334018918
15.9263587427
9.13122648948
11.3030266436
11.3197173869
10.6853870156
9.00388706711
4.59861228867
11.9104507564
14.4269134583
11.6478671299
12.8179383826
3.59861228867
12.2587495112
6.10943791243
13.5186003596
12.6071996131
13.8244443452
12.8034461984
10.1484682959
14.392935805
11.6853870156
8.18965474203
7.99573227355
11.5908521237
12.6995147482
11.1930257484
9.93133108193
12.4553177877
12.4348503403
14.4482770345
11.1098794631
9.31320597904
14.5038613329
8.59434456222
11.9149389574
8.39715386764
13.3353998307
13.5532915747
11.6446791834
11.7385369302
12.6425916008
3.59861228867
9.38610403145
10.9977617006
6.795836866
12.3094149439
8.52942908751
9.598421959
8.3283137373
11.9813587384
9.32972090552
10.1290502101
8.72574667371
8.29831736655
11.9801141832
10.6280413762
12.8638986043
11.1016777475
10.4889614169
9.86302810354
11.4084937745
6.02535169074
8.52178857705
12.6847148243
8.83628190695
11.2579062084
4.88629436112
8.04305126783
12.3211422363
9.6737861039
4.79175946923
11.9585769038
14.000509221
10.7806971954
4.98490664979
12.4929303525
11.731053144
13.068646473
10.6147694484
9.14749447681
12.6981805252
8.92425579741
6.2080502011
13.5051412063
9.40808293817
10.3485875309
15.5837286968
12.5259706368
11.8236459308
7.18887945411
12.983416292
7.66356164613
4.10943791243
9.3561076607
12.8976494703
5.19722457734
10.3951075466
14.081267256
13.3694785933
11.560080465
14.2852745333
12.4659731842
11.8542366934
17.2238435744
5.48490664979
13.9066824434
8.62249280951
17.2990789975
8.3636311756
11.8224447295
9.79894924686
14.1731095449
11.8456928733
10.8231707179
10.8369369137
10.1484682959
13.7609384247
18.6129449219
5.2080502011
9.13556489108
14.1683486972
13.9318826419
5.98898404656
11.5833286088
10.2152399787
13.2839625118
9.63579843705
10.9441312567
13.1642781335
10.2751723195
13.409823111
12.0063675677
12.375566692
13.6083856635
7.19295685089
8.2184988713
10.9910875935
10.8765081263
11.1483457439
12.3916299684
14.4286506264
14.6398307369
13.5806290493
14.5099869264
16.2557053118
10.5847730776
10.4167322825
9.46981329958
11.9817732462
11.9407440193
9.33773044717
15.5652311226
12.6575870141
13.5719232523
14.8123186934
9.69703424767
11.320448114
12.0824022539
12.4210570182
9.31748811354
5.33220451018
12.5822797019
11.0258433442
12.3283476201
15.2561604952
5.09861228867
7.98063892334
13.5553499018
8.18213122712
12.999945594
6.09434456222
13.5003946286
14.587956385
8.37120101091
14.7176126596
15.1162038144
7.77666611902
10.729511119
11.9680029472
5.60943791243
8.24174701506
5.07944154168
7.64439089914
12.5612100768
11.1388669999
9.9957661563
6.59511985013
10.9121603349
8.58677472691
4.38629436112
7.84710753072
10.8793558045
8.46981329958
16.5050284302
10.3868793194
10.788971743
13.6467613903
14.1648539721
11.2269360185
6.7341065046
13.4319664365
13.1596789579
13.1708393585
9.68210859745
9.31711115996
8.31748811354
13.5984558417
15.0448080557
15.1739500981
3.38629436112
12.6146828127
17.4225847284
13.8506140629
3.09861228867
7.93081679884
13.3521870962
11.2580945044
10.8304052118
5.30666248977
13.8485600858
8.19847871649
9.86693328446
12.453510763
5.10943791243
11.5416830999
17.4966102271
15.829486497
16.0434837675
5.54452243772
14.7167483841
8.17834211465
7.6058020663
8.50388706711
12.9782278171
10.204414355
13.9575968782
15.0770526944
14.3697106532
10.0036973391
9.56145691893
9.31354804628
4.09861228867
8.34710753072
5.38629436112
10.2170277014
3.59861228867
14.0864755539
14.5981585715
10.2786289423
10.4641356124
10.7661917147
12.8829467993
12.3532163882
13.846730025
16.1529039094
13.814769046
5.98490664979
15.96980586
6.00733318523
12.0349550245
11.9484559923
8.68213122712
12.0091610197
13.5688324851
6.59434456222
11.3524411002
11.6241506033
10.2442275156
4.09861228867
6.81320597904
11.2723983926
8.38202663467
10.8975615355
15.959097361
14.2257952641
10.1333184333
7.59511985013
12.6536374864
13.5494671464
16.1597354703
8.43081679884
8.16478597392
11.1133249795
12.1524231407
6.4657359028
13.8933857166
13.5104449644
13.3664890545
10.2915691396
16.8577100951
8.35203026392
15.0284171495
7.49573227355
12.5533356232
12.5501716198
5.59861228867
9.34563636083
13.3688961078
7.5106352941
7.18965474203
14.8621478808
13.7299094533
13.2598921508
7.55534806149
11.5999019592
8.96614673912
16.0497201608
8.04517744448
8.21493575761
13.5582666063
13.9015926119
7.68887945411
11.9229859587
14.0754621679
9.85262939632
15.7024661499
17.7740352251
8.7184988713
10.0606011628
6.77258872224
4.59861228867
14.5642923102
14.7650263844
11.4032268087
9.48063892334
12.2500977526
12.6101369371
11.4265490724
15.7985103398
7.08351893846
5.83220451018
8.54126354516
12.7291341654
15.6807548375
6.7341065046
9.1320017774
11.8105501585
5.08351893846
3.60943791243
14.9153429773
11.4250779025
10.6355648911
14.3169208303
6.37120101091
13.4086993065
12.2648285573
10.7499255367
11.4807078209
9.03087762773
9.13409372119
12.5203880823
12.9394336793
13.2470579549
12.6077200619
9.75110146894
8.45124371858
8.47733681448
13.358070484
11.1092249531
6.69722457734
10.7834482288
10.6304612618
11.3543545023
8.25359019111
10.8051882154
7.08351893846
15.5584481239
8.82300997914
7.99980967033
10.5900768358
16.814219337
13.0292303716
6.3903717579
10.2225762681
10.1944053911
12.8190019965
8.14439089914
18.4104272989
10.6806374276
12.8279456141
6.49573227355
6.57944154168
12.3064721601
13.2564603076
6.15396035016
2.59861228867
11.4081536133
11.4955419439
7.56068163102
12.3825182881
14.2743612159
8.66296048014
12.7533998614
17.370956328
11.9448332739
11.9032268087
7.54305126783
10.1039438246
8.8375380797
5.04452243772
7.99980967033
9.44164242261
13.3195175406
11.6214803748
13.0888504744
11.5883236773
8.08351893846
10.6047932324
8.77299955856
15.711661563
8.48063892334
8.33628190695
9.40025744531
10.4127428205
9.32614947316
10.8827464497
12.6607739199
5.48490664979
6.64313472639
8.6239639794
11.3221510702
11.2034055211
11.5107726236
8.71702770141
13.8025616339
11.4265490724
4.09861228867
15.3182165841
11.8868238465
11.1128310304
6.90119738166
13.081424511
6.7184988713
14.2476090304
10.0684255882
12.2279098376
13.0238903046
6.67805383035
9.44571981939
11.7011116444
8.45324333429
13.2635355921
9.92425579741
13.0649331497
12.4971471515
13.2055242998
14.8759596099
15.2438686903
12.2074829179
10.7189097076
12.1073814256
6.2080502011
13.6437635026
7.77666611902
11.4655455731
11.8405801885
12.6207930216
13.7526065216
11.3816025371
10.0690234266
6.2080502011
12.9857031724
9.25749537203
8.7957905456
12.0071428556
16.0612194224
6.98490664979
10.2417031597
6.91202300543
9.28219205601
15.4349639235
9.6944053911
8.9161004022
8.85203026392
12.5739515252
14.7976894684
8.77666611902
8.66541785423
13.3815584886
11.532684876
9.06434819147
9.14846829592
7.30666248977
11.5060421785
6.99573227355
13.2751913443
12.3296654327
13.0104449644
12.0203880823
10.1228666586
13.7764294689
14.9812238816
12.094378445
13.0966116066
8.92725368516
17.6024596541
13.6058568046
8.59511985013
11.6998424074
10.9565454432
12.733271845
12.1408984606
12.6132303796
8.27666611902
12.0621175828
8.23110861685
7.99650756147
10.1883547139
12.614710141
18.195444502
11.6690555407
11.5481102941
12.3539211005
14.4739019677
13.373366174
12.6425916008
9.21702770141
9.93133108193
9.93489419562
10.5732697175
6.91265488574
13.7684431173
7.7341065046
14.3530014435
13.2240019706
11.58781722
11.7943772993
14.6445496044
12.6894644124
6.96981329958
9.4161004022
13.8574593514
15.9467856625
11.3716926643
13.8544407159
7.42725368516
11.4571773235
11.23587032
16.3032719489
11.7579062084
15.0259140193
16.8245088012
11.0506279675
14.4804675411
4.95124371858
15.6995836457
11.3330317328
10.0694814204
17.4810993074
7.17805383035
10.7344107257
6.64313472639
14.1606073194
9.03695260241
8.89440283426
5.52535169074
7.52178857705
15.3600889213
14.4666114655
10.3023947633
13.9104631663
7.24174701506
16.1202450604
7.34380542185
4.8978952728
13.3705510523
13.6271409897
11.8303815693
14.8261578914
11.1353038863
12.1106835345
16.9694173051
13.0001701365
11.7060377628
7.41202300543
10.8458075026
10.5366915976
7.65396035016
12.4250779025
13.1886664948
14.0175915258
8.09434456222
10.2065759267
5.04452243772
5.09861228867
7.3903717579
7.90119738166
12.7553088118
3.98490664979
11.9120568882
14.2307027893
7.90119738166
10.1577552711
11.7870676452
7.1239639794
9.43489419562
10.6685798973
5.90119738166
10.0443321081
13.2225653416
12.601083386
5.74849524205
15.2123578522
12.1701856529
12.7374792886
11.1630863756
14.2913788099
13.9974771616
15.6930178007
7.49980967033
12.822150047
5.98898404656
5.3903717579
11.8668636612
16.1949869603
9.53338948873
16.1796516652
9.93342302573
12.6080212214
10.9679092018
8.49306144334
12.7795574559
14.8526158578
11.4683195
2.38629436112
10.6758232216
3.98490664979
11.6958853913
15.2530530932
11.2079615318
9.41164605186
7.77666611902
14.7987589172
14.6573927256
12.2503662784
6.88202663467
6.87120101091
14.057919892
14.4658653035
12.9854689784
9.09986642782
11.9942949864
7.9161004022
16.1431288258
3.59861228867
11.9753392366
5.7080502011
13.2351305408
12.3258536703
8.6059454739
6.96981329958
9.37527840768
7.40119738166
8.44164242261
10.6657534319
8.43081679884
12.1265702063
5.90119738166
16.7593828809
12.707813551
7.96981329958
8.5106352941
13.7635355921
10.7499255367
5.73619844839
8.71702770141
5.90119738166
10.8956826977
7.84710753072
13.9862189501
15.7428539465
11.3375877435
7.65396035016
6.39182029811
7.74849524205
12.5367622727
9.25749537203
16.95735665
13.5574699031
9.75257263883
13.4912998987
16.0203577768
11.269800996
9.10947179518
4.27258872224
4.59861228867
5.30666248977
10.5908521237
12.5820441637
4.7080502011
10.8936563546
12.4061788404
9.02146091786
12.9326579298
9.48893772616
8.09986642782
13.1186680457
13.3252749101
8.56068163102
9.8767269479
13.0840966454
6.23766961828
12.806104994
9.04025471128
13.3521870962
4.98490664979
15.8560962009
13.4157125222
11.3785341961
16.1993299647
14.8428841958
13.7768426067
13.6710689533
13.2177602026
11.6191008376
9.59987049921
8.37063802813
6.50733318523
12.3392619829
6.68887945411
8.78749174278
14.5194836739
12.2826610336
6.52535169074
17.2003239189
6.81748811354
10.4828627515
7.5568280617
12.1542126949
8.19295685089
16.3189369373
7.74174701506
14.0884722267
10.4167322825
12.5185743564
7.70048036579
7.39182029811
7.99650756147
7.15888308336
7.46981329958
4.90119738166
11.4200831991
8.8636311756
13.4631203924
9.89362754635
14.6567886559
11.7007477945
9.47126183979
10.8820605174
9.73340189184
13.6017065557
3.59861228867
8.62497281328
5.19722457734
14.1549036412
9.20378247466
12.3068732665
10.6720329455
12.9664623517
6.28749174278
7.30666248977
8.45532111536
8.94164242261
13.9318561878
3.59861228867
14.2363819678
6.24849524205
7.4657359028
11.8138522674
16.3372324782
11.4803657651
11.6820294339
8.58351893846
15.6660756445
9.49146454711
18.1328931702
13.9874335181
10.0614569189
11.7566233345
6.34380542185
11.6697425899
12.0389546832
14.3169208303
7.45124371858
11.7886260656
12.2208845859
9.86770857237
15.6139917737
9.02178857705
4.88629436112
16.605026602
6.54452243772
10.4157234486
5.10943791243
11.7046681135
9.0112671744
13.6217212805
7.66296048014
13.0915127875
9.62539236801
8.47733681448
10.0063531596
13.0128645674
5.2080502011
9.14846829592
9.52942908751
18.0858105601
12.9471501141
15.920707886
9.66296048014
14.5962346531
7.68965474203
9.56068163102
12.232304571
11.0359263699
7.67805383035
10.2615727688
9.96146817635
12.5180896841
13.1148642186
13.5078475679
12.4073783254
10.972466016
7.87120101091
12.6478671299
5.69722457734
7.77912349311
15.503132641
9.46870755999
12.2064903619
14.4685172303
12.9951649903
11.6630863756
12.9424609268
12.7242073608
9.56452040732
9.22257626807
8.74300318781
5.79175946923
7.10517018599
10.5517122154
15.2017834601
15.6246456468
8.08140436498
14.5923974792
11.185243608
13.4560325632
5.09861228867
8.83628190695
15.5823022627
14.0410732155
11.6113280033
7.96981329958
6.39444915467
3.10943791243
13.3255260111
6.30666248977
15.2467700231
15.4021726592
18.2108882925
15.1927438915
12.3836617988
15.3305399061
10.8793558045
12.2171909332
3.59861228867
8.46981329958
10.4411900551
11.4585769038
7.56434819147
10.4217757936
13.1695183775
13.2993600832
13.7385301963
8.33271879327
7.78749174278
7.52388052085
5.99980967033
10.9215356321
13.6285093389
16.274567393
7.87527840768
11.1353038863
10.7284157798
9.70441435496
13.7187361527
8.19295685089
9.53043792139
12.1542126949
3.09861228867
14.268026494
12.805978211
13.0399318475
13.4212493856
13.4714859826
9.98893772616
14.1515188194
14.4953372062
6.6743872699
11.1019019599
14.1957839625
7.78749174278
13.6985423793
9.18213122712
11.1539942329
8.37527840768
12.1362255549
14.7580803303
15.8595318911
11.3407064517
11.583542572
15.6145352705
9.37527840768
7.10517018599
3.59861228867
11.7225536384
9.33188247728
17.5450591808
11.9017823399
15.2396621485
14.571005676
6.38629436112
9.48063892334
9.93615036837
8.68213122712
11.3509024517
12.1745387621
8.69031540585
5.9657359028
8.8636311756
16.240561025
13.0425176843
12.8464969386
15.8453323062
13.2956002159
8.88280192259
7.3375380797
13.7870660895
12.2422549019
11.8320141805
13.9926621427
10.865180126
11.389084407
13.9937395065
6.08351893846
15.4582777308
12.8758548105
13.846917201
10.2225762681
15.105738876
14.1943645159
7.56434819147
10.2989492469
13.1346465276
10.0220927982
14.3243009376
12.6874810778
12.9669960658
14.3392867508
9.3375380797
4.60943791243
8.86753445046
11.9710674387
7.30666248977
12.8640052195
11.5381715978
8.81320597904
12.216699573
13.4600701736
10.6484682959
7.24849524205
10.3793558045
14.1614857054
10.8567067931
14.7565189448
12.3095642534
7.03259949315
10.098421959
10.3230458955
12.1853502232
10.2231200923
8.52535169074
13.4551900245
14.1394068249
13.5255889721
15.5001947725
10.7384968409
9.57925121201
10.4955419439
12.2527395094
14.0292387578
16.093305892
8.6743872699
2.59861228867
14.7605377044
11.576609767
13.1834829178
11.4436367059
16.8421582733
12.6890145853
12.7839625118
8.56842558824
13.8118152263
11.5888298783
7.81811999384
11.0580108008
12.3549600616
3.59861228867
13.294211204
13.537309267
10.9622434643
11.8224447295
15.0809578754
12.1645058356
7.71493575761
8.18357976734
9.52344759296
16.6536120132
10.382437471
8.60947179518
14.500531946
13.1130015528
10.4847163201
9.83481073706
8.97673374242
9.29909265446
9.42934562895
10.3472997007
14.4352118957
13.2132951014
9.00850518208
9.86078622347
13.5944072541
10.0283317667
14.7373492418
11.7079615318
16.2495487149
10.813995675
8.90808293817
4.38629436112
13.0489972216
11.2485291248
12.0830199192
10.4622434643
13.8036720762
11.6496926237
9.13478960317
8.43081679884
10.2037824747
15.3154496604
14.4429320931
9.45532111536
13.0228126132
12.9408910678
8.92725368516
11.619696253
11.5153445712
13.2701285275
6.40119738166
8.19031540585
2.09861228867
11.1654178542
8.68357976734
14.213102335
12.063313127
12.6995147482
10.9793388953
9.41017488197
9.45064255259
15.2838481697
13.7620706747
8.77455154554
17.0128074065
15.1070452707
13.0418033702
9.52942908751
14.4238679929
7.09434456222
9.24174701506
13.6784262723
16.5474258082
6.99573227355
9.38687931936
13.6911718869
11.1080212214
13.6525873242
11.0175061429
6.99980967033
7.87527840768
8.27912349311
9.87527840768
8.54973345523
7.63579843705
15.3198988126
9.30814248998
13.2960693658
10.0908521237
10.1082441397
8.59986642782
14.2502636643
11.3669332845
8.57517381523
9.75749537203
12.0913315854
6.17805383035
14.2115603146
11.4955419439
7.7621739348
6.78418963392
12.7118426683
10.701960366
12.0294064578
10.6133249795
7.23766961828
10.2684932116
10.3287120716
13.5896351142
11.4934273704
16.5743909697
6.18887945411
8.8636311756
14.6131640598
7.29831736655
12.9612547202
8.97697236289
11.1970342477
8.14313472639
7.67805383035
9.97968130239
18.0932741041
11.6114118667
11.6446791834
6.52535169074
12.7268408904
6.33220451018
4.98490664979
12.9467554655
4.59861228867
10.9815557019
8.54973345523
11.1701195434
3.98490664979
15.7742171573
12.3825182881
7.81218435537
8.17048399504
13.3214344195
18.5325426724
18.0074408031
14.5369842431
12.0020854332
8.52178857705
13.6575870141
11.1998424074
8.10517018599
8.07594910315
6.98898404656
5.29175946923
9.96146817635
12.7208845859
12.4909488283
8.29909265446
11.8332703533
6.18887945411
10.5220927982
8.53043792139
14.2117807489
11.2956465363
14.3836890068
12.1633713165
8.94017125272
8.53695260241
10.3630281035
13.4020473456
12.9659731842
14.9959140821
7.68213122712
9.79122146273
13.7242432771
15.306166057
12.7178457049
5.2080502011
11.5106691768
9.25766758788
8.86078622347
10.0279579176
15.4390636164
16.2577348719
13.385068967
12.2577836563
13.925092799
13.4182553955
6.95124371858
7.88202663467
6.54452243772
10.3606636714
7.67805383035
14.3003467936
13.9043840452
10.4847163201
5.7080502011
10.1951873202
14.0766360866
13.0170895071
15.7148242384
12.9575129011
14.8816256877
14.1605876229
9.3636311756
14.7408649388
12.688094763
6.09434456222
7.17805383035
11.6794801854
9.59582456243
13.7009219164
11.3375543609
14.2714407716
6.49573227355
10.8023947633
10.9629481766
7.03259949315
13.5498081176
12.6852467764
8.62249280951
10.3456363608
8.68208490672
11.9846936904
10.6294697648
10.5072777124
9.07594910315
12.0362111973
7.9657359028
12.6808414829
10.1228666586
9.46870755999
10.6484682959
12.8463561759
14.8512769515
9.1239639794
13.614710141
6.37120101091
13.5039209499
17.1103980779
12.6125033712
8.20048036579
8.49893656195
9.96614673912
9.52209279817
7.3903717579
15.5263548853
7.81320597904
7.94673737167
7.5106352941
12.7757038866
12.2160440502
12.794221856
7.64749447681
9.25749537203
11.4861648603
12.6176704067
14.1105017219
10.2546040995
13.1169084272
8.13478960317
12.0502410455
11.7484600239
13.6338911998
13.1844605167
6.85670882669
7.75749537203
9.43807930892
14.1201070893
8.94164242261
5.94265125649
11.6242522637
8.74849524205
13.7200926634
14.6517043156
5.67805383035
9.49043258678
14.6189491077
13.8354228216
15.2332115622
12.7176820522
10.997999318
13.9212873929
6.71950770518
8.90025744531
8.58496747867
13.2111156599
12.4899430463
8.52942908751
10.4785096422
11.892989588
12.2483049124
7.93182563272
7.60517018599
6.33220451018
9.74288063579
8.43807930892
12.6699349573
13.3001250395
13.5446674523
6.58351893846
11.3304256178
10.5553819442
7.06434819147
12.8402282129
7.33628190695
12.5829614426
12.0471895622
12.9550105538
11.7319082436
7.70400668708
9.75382881158
12.3428398043
9.04025471128
16.2969639857
13.8565993141
7.87120101091
13.2826749323
9.64203740559
14.2719106945
12.9598256239
12.5645121857
10.1092475828
7.46981329958
5.80258509299
7.67614973257
9.54126354516
14.1088597027
13.2925653122
8.64313472639
12.790536914
11.6568100915
11.0439844312
14.7001717081
13.1121761232
12.3754269198
8.13121178182
13.5503776748
9.79905586206
10.8511849275
17.9002422551
12.0381715978
9.70266119652
3.59861228867
14.5419673318
16.5688355204
7.43081679884
6.43081679884
15.0777173877
15.5311834006
8.22035582508
11.3428398043
9.87086016654
9.56842558824
12.3486528862
7.7184988713
14.4508861565
9.75766758788
13.6991377946
13.2330798589
10.7399325913
15.8160255664
12.5026885052
13.8284284371
7.78749174278
9.31711115996
12.5387804369
10.0998704992
13.5571891925
14.8022454791
14.9212151125
8.50125821054
10.4139702902
12.6198684688
11.9810497597
9.06987412846
15.0815577625
14.0499228308
14.6459961626
11.2276624987
13.9937395065
10.8870902357
4.88629436112
11.7890507135
13.5501716198
9.35793315448
13.1146000997
12.5705034268
11.3177661667
10.0250296578
10.6970342477
13.84977027
14.8511025177
11.4017823399
16.0042075744
12.6364785234
14.7415299843
9.20400668708
11.9763711969
14.0718792038
8.84710753072
6.77666611902
9.04342511692
14.6206935112
11.4120568882
9.6324011266
13.6385596747
12.9753772439
14.4158320223
9.74027584517
7.49980967033
10.7034055211
12.5387589693
12.5955987014
6.3903717579
12.9500140295
7.38202663467
10.0684255882
14.791305752
13.1590470776
9.18357976734
7.02535169074
10.9508147684
11.8079525453
17.0175182844
5.78418963392
12.0138387516
12.7543572574
18.0731918325
14.1269432245
14.2967928139
14.4983601638
6.30666248977
8.79909265446
8.39182029811
9.0063531596
9.73441072572
11.6088706292
9.37527840768
15.3258804694
11.7950491404
7.38202663467
7.40527477844
9.43224518745
7.88202663467
13.9709125289
14.5138507716
14.1446627021
9.96614673912
5.09861228867
14.1874627631
12.0034998643
13.3130156494
5.77258872224
7.95532111536
14.8728450053
8.37527840768
13.3305184386
14.2203035797
9.63331843328
15.7880920444
16.7443422154
6.50733318523
8.38202663467
10.3351845861
14.6108334525
14.1345992735
14.7403290299
12.8476645628
6.77666611902
14.2332588163
15.2344677349
14.2242360777
15.0114559361
9.35220247977
17.0671127896
12.8350328159
11.0796788231
9.6944053911
11.928993858
10.7731736805
12.2074829179
8.24849524205
5.91202300543
6.05534806149
15.2529623155
13.7223253235
12.1037377928
9.82304589548
7.3903717579
5.52535169074
4.88629436112
7.05534806149
12.6180057608
11.466320861
11.7158177918
6.38629436112
15.010315996
11.485491608
11.5614014461
7.40119738166
15.2109450793
16.0056437624
11.7258320565
11.0094089327
13.1200630703
9.93224518745
12.0907087161
11.7806337995
5.67805383035
10.1388669999
9.44164242261
10.4273243603
14.5709322357
6.09434456222
9.59007683578
12.9440535143
11.2819770589
14.9076059948
11.1400239525
10.2149357576
6.30666248977
5.99573227355
15.040695359
6.59434456222
16.8758872258
11.9257355809
11.6707514238
13.3800831466
11.0030654588
12.2448067374
13.3410143105
14.2916668342
12.5324091635
15.334707477
8.37120101091
8.07517381523
14.7537919759
13.1252276187
14.1515188194
7.39444915467
13.7312747299
11.0282014321
12.2214789473
8.78749174278
13.1954788888
11.9409598854
14.1515968499
7.18887945411
14.6933984015
9.56434819147
15.3890853387
11.8344715546
13.4039374513
10.898174093
15.1375772558
15.6096891334
13.196955267
12.7248348181
9.89162589705
13.7268745496
6.98898404656
9.24523634948
7.59434456222
13.9262911531
13.7726866769
16.1714812008
11.2935868034
10.2807435158
11.5053670673
9.53695260241
9.89362754635
12.5812140353
6.67805383035
8.94164242261
9.14846829592
10.5475172214
11.6633713165
8.18213122712
11.6649233034
12.2554223801
14.6376807025
10.8349818789
8.1239639794
8.31748811354
13.7207659157
12.6148642186
14.1436062081
13.4229486214
12.3775214539
12.2341771797
11.8555446779
12.1376393445
6.89444915467
13.6482779662
12.4969904841
9.08140436498
12.432070938
10.8012830345
9.24300318781
13.2922889546
12.5302563101
14.1157017958
5.60943791243
13.8767047627
9.34018683532
11.9067107302
12.1565102261
15.531462586
8.09434456222
10.7406644019
8.85220247977
11.2648782628
6.71887582487
7.96284463026
10.5934046259
11.1817204551
10.1034942784
9.47227067367
14.5026528822
12.4452674518
6.9657359028
12.8309706217
10.0102583405
12.3128434335
13.9494100133
9.47126183979
13.7526646628
8.54126354516
10.8287120716
11.0694117925
16.4291521948
12.7379338581
8.8283137373
9.20930434026
12.4038005041
14.3254819626
6.64439089914
9.45532111536
8.2184988713
12.1786387886
12.5468126086
7.2184988713
13.9609070434
16.1988615818
7.87120101091
14.8348639218
11.9796813024
12.3804566678
8.5106352941
4.38629436112
9.52586597383
12.6608425786
14.1239093752
12.2900416187
14.2468204199
9.60517018599
14.8494147535
8.89362754635
14.3517350644
12.540144995
12.0696553069
10.1312264895
14.0244654791
12.534640105
7.58351893846
13.0302475917
7.72574667371
8.55534806149
13.9225055584
7.31748811354
11.901007052
8.71493575761
8.95064255259
8.67048399504
15.3463512651
13.4557621742
11.771292653
8.28749174278
14.368701773
13.622185087
3.88629436112
13.4617992343
8.81218435537
4.59861228867
7.37527840768
14.1028652828
12.4100105671
12.1852467764
9.48896141689
13.820914169
7.33271879327
9.99677499019
5.09861228867
7.30666248977
15.1232401977
8.41202300543
11.9452674518
14.0156548494
7.1416635565
9.89359075395
9.79605775077
13.0887768077
13.9813922176
10.8677085724
8.24702407216
12.1663884844
10.4430783743
3.09861228867
12.8862709021
6.88202663467
15.9759852724
12.8448712649
12.0167931114
8.09511985013
13.7395107493
8.27666611902
3.60943791243
14.5428578337
11.6778635007
6.09861228867
7.7080502011
8.59511985013
11.4265490724
16.5929527847
14.3914149713
13.7646851497
11.3403129833
11.8286925835
12.7869537363
15.630373408
13.025936649
16.8477054546
8.59511985013
9.95958551414
8.98063892334
8.46981329958
8.8543700408
13.6702936654
13.9737596055
11.7943772993
5.90119738166
13.5419436315
14.7474656228
6.8903717579
14.5589088534
11.8044751838
12.7511579814
9.59130988208
16.1349287064
9.06068163102
8.45124371858
12.0349550245
13.4983723832
10.0753460311
10.8524411002
12.7176820522
7.94164242261
14.1011246384
7.55534806149
16.6618333604
9.10479323241
10.3405465293
14.7272001588
15.260031218
4.38629436112
13.8456702436
12.0807312122
12.1044711995
10.8051882154
14.8003100012
9.27811465923
16.6214550806
13.5797637087
15.3266347252
8.35670882669
13.2307310616
7.598421959
15.377792791
8.46614673912
15.0428119264
7.77666611902
13.5153162119
8.24300318781
5.43182563272
8.72031177661
12.7688853261
12.1616397958
10.6778635007
10.0120712458
10.6745613918
9.6058020663
10.4837899653
8.28749174278
14.0792459522
9.91572344863
12.2839993042
11.7174385377
8.37989735354
13.3125129818
16.1475957158
12.991450899
13.4889310344
12.0654117637
5.04452243772
14.6684436358
8.69295685089
12.084777149
9.09987049921
9.12040086572
10.9697906699
17.1910465039
14.9448072109
15.3993912231
14.6759925334
12.0847730776
11.6046544672
9.7363695902
11.2228221308
10.907755279
12.4846699997
8.27666611902
12.5980671295
16.8445208427
10.2838251823
16.2751788439
5.04452243772
12.8392766906
11.7981126288
7.49043258678
7.73766961828
8.86078622347
9.25749537203
7.1059454739
6.4657359028
16.3333577628
4.10943791243
12.1612935354
11.5735735249
14.181800875
10.0038870671
8.92324696353
14.5790815738
12.339500903
9.40025744531
7.78826703069
8.66642668811
6.29175946923
12.7152240419
5.66356164613
12.5324238711
4.83220451018
9.16988092298
7.18213122712
9.28413416107
8.91673228251
9.98141421125
15.3937905377
3.7080502011
9.14846829592
9.56434819147
11.3901814282
15.0666936942
10.0909869805
13.2109491258
11.9638079532
9.64491934496
11.1292975489
7.41202300543
6.94265125649
11.1673358498
16.5813671643
8.54342511692
7.23766961828
16.3133411201
14.0567931822
7.73766961828
8.48141421125
7.44164242261
13.1690302413
6.18887945411
10.8221973906
10.9407337074
16.0563537973
9.60924758276
8.37063802813
6.14313472639
9.67011954345
11.9709398069
13.7116337981
16.1060292765
16.1414701223
6.09861228867
4.29175946923
11.4265490724
10.2153833863
7.83481073706
10.2690962837
8.24493212836
10.620297419
11.619696253
9.28826703069
12.1493156701
4.10943791243
7.18887945411
8.1239639794
15.1390469721
14.258317046
10.3790081276
7.04452243772
11.9896164236
11.624791202
4.29175946923
9.81711115996
10.7844570626
11.2844732357
9.09987049921
5.69722457734
9.72862861308
7.63579843705
12.0471402678
12.0709060888
7.83220451018
13.9064830615
11.4336665402
11.3005726547
5.88629436112
14.3483657413
12.3406666337
10.261225092
6.43081679884
7.94265125649
10.4957661563
5.49573227355
13.1384146324
14.6909444126
11.0087871706
18.0654097631
8.41265488574
15.5554292445
8.18965474203
11.6684864171
15.5299005692
14.6533222027
16.9551652824
12.358431899
10.4814142113
16.3149629242
7.83188247728
11.649799156
8.54985600725
13.9320548578
10.1012301187
8.76832099579
14.9574510895
11.3405465293
9.38202663467
12.6419544591
9.54025471128
10.0333894887
11.8303815693
8.5063531596
12.5238799927
7.6416635565
7.77258872224
11.1014023346
6.17805383035
14.8928986262
15.6511834198
13.9148130513
7.52146091786
3.59861228867
12.8501023144
11.0153445712
8.38280192259
11.6332938612
12.594378445
13.6501656489
15.4385134105
8.64846829592
12.8224695723
8.98141421125
11.3395376954
12.5107726236
13.525734883
12.5711932406
14.922154351
16.0695032187
5.90119738166
18.5281107226
15.6307085006
12.1780774638
6.795836866
12.9038005041
13.6000825196
8.81896811375
7.57594910315
12.1241286752
10.0294290875
9.38610403145
11.6088706292
14.9955758266
6.28749174278
9.52146091786
12.737846106
11.4895604493
8.04985600725
12.4715680134
10.3099182782
10.1483457439
13.2451281975
8.33073334029
11.4157234486
6.69722457734
15.1593599674
8.09511985013
11.7240248083
11.9932823281
13.3889885234
9.36302810354
13.6759544592
9.2184988713
11.8255483072
4.19722457734
14.5953880841
7.38202663467
9.4161004022
13.5780343824
7.58351893846
13.4466428229
15.0400643816
12.8173994443
7.78418963392
11.4402277651
13.4222582195
11.3976681507
11.0868035352
5.77258872224
10.1569789856
6.65888308336
12.9492785292
13.5587376278
13.926569112
8.04517744448
8.58351893846
12.1353038863
12.2111012518
12.7510983644
12.1961611393
5.2080502011
16.3076252349
9.08496747867
10.9334230257
8.6239639794
12.6761629202
14.1105376383
11.4673710669
10.079729826
12.2982906344
6.80666248977
14.7935248999
11.1676357152
14.0288859619
16.6659912161
13.045597585
15.412475097
11.498335396
13.4385168015
10.8119734296
8.33481073706
7.90527477844
8.1114673395
6.71950770518
17.055111846
9.50533153593
11.5608557529
12.8293727355
11.216699573
12.8315840793
12.9146261278
2.59861228867
12.6951719988
7.16356164613
4.8903717579
15.8430777728
14.3377668492
9.56842558824
10.9421567057
12.7838558966
9.57517381523
12.4483260463
9.44241771052
9.49223983502
7.74849524205
12.155936338
11.2740150773
6.65888308336
14.4932825517
15.4188171487
9.90267738187
15.7135755877
7.63579843705
12.9644398335
10.6484682959
11.5320353144
11.4337968748
17.9458938756
6.68965474203
12.6399125554
11.0716813767
14.1076521373
13.5140445431
5.99573227355
10.4121603349
11.0833286088
12.2053311335
12.419988071
8.67048399504
10.7100796282
14.6182579802
13.4069814418
6.795836866
13.2774012869
10.8975615355
11.3913307577
11.6939530236
14.0330024679
14.2238304072
9.05678401323
14.6874722948
12.0991417741
12.6569551338
8.68213122712
9.76619171466
9.99223983502
11.389084407
4.60943791243
7.27666611902
6.27258872224
10.5387835414
7.30666248977
8.18887945411
7.48898404656
10.1047932324
9.91017488197
12.4171518372
11.5182961385
15.2324705469
15.6415824972
11.4373746962
13.1056463009
7.7184988713
13.0983201657
14.306549776
3.69722457734
12.0181926917
14.4253267824
13.0508755973
2.59861228867
8.77666611902
12.8977712455
13.5028607211
11.8785341961
9.97634807045
12.2142311448
5.7341065046
11.1053075155
15.2882876173
7.89444915467
10.4565454432
5.18887945411
11.8208408799
15.1663158559
12.7649232497
12.303999971
6.33220451018
7.70048036579
12.4436367059
14.3658614276
14.1529205441
10.4515593312
13.2401447543
9.38610403145
8.23110861685
11.0436633524
10.9441312567
13.880781715
12.1478671299
11.5087871706
13.2894287783
6.90119738166
12.5251613611
8.08351893846
9.098421959
15.3085757071
12.1285852004
16.3349934256
12.3410143105
14.9356987886
8.65396035016
15.2167541271
5.91202300543
16.0247904511
12.8147003873
6.43182563272
10.5567783562
12.6733418739
13.5475878965
15.724805824
12.7606531858
8.59130988208
15.0415447668
15.0149907441
7.2184988713
10.169880923
14.0481879454
11.9937198352
11.0548742584
16.4474175428
9.00125821054
13.2787176656
13.5868086097
10.7499311938
12.3375360461
11.6670378769
12.966320861
7.7184988713
10.5898415122
10.2238324408
10.1167710977
13.4504590275
10.6398845522
14.2108558772
11.4929445473
11.1057861295
14.0354240021
11.6482214538
10.0102583405
10.2799219075
7.49573227355
9.68538701558
6.34380542185
10.3777357818
7.96981329958
14.7891567183
14.940933406
10.8977049431
8.5730445341
14.7444942363
9.32304589548
6.82028156561
3.99573227355
8.96981329958
13.9209344661
11.0212561801
13.2351305408
5.58351893846
9.35203026392
5.38629436112
14.0840559509
9.39715386764
12.7895211699
10.3524411002
14.4821213463
14.0323204244
9.44017125272
7.90808293817
12.2789418818
14.0373623216
13.0489972216
13.3389490314
12.0847730776
8.08349630878
11.1255950721
7.41265488574
9.91274282049
13.9648648322
12.5602927702
15.2985253712
16.4891215012
9.83518458615
10.376638461
7.57517381523
13.8005171818
12.2084917517
8.88202663467
10.2882670307
9.50938833663
11.9929445473
13.0251613611
11.1854158238
15.3032779313
8.08759633523
12.3731879041
6.08351893846
10.5161571597
6.6239639794
11.4446224986
9.8350542515
11.9810497597
6.44164242261
17.4413696831
12.4017823399
12.4273243603
14.2705880402
10.053933404
13.9722670679
14.5632576542
8.08759633523
4.10943791243
10.8297209055
6.68887945411
12.8479260349
11.9104507564
13.0302563101
8.58140436498
10.125392368
11.4593985121
6.9657359028
12.9124645561
13.0196693068
6.70048036579
15.0932540249
11.2513449834
14.8626198019
11.2150064328
8.88280192259
14.0826792163
12.1985142479
7.64749447681
9.63122648948
8.92934562895
12.4433755411
4.09861228867
7.32028156561
9.05208916892
8.46981329958
13.1520754638
10.3901814282
11.6787889982
7.54985600725
8.41265488574
8.52535169074
6.52388052085
16.7875869022
14.7160164901
15.4847111585
8.79301360838
11.0652652089
14.4636746058
11.751045118
14.0824702081
12.8226169453
13.9269599087
11.5707241073
7.50125821054
11.9718293435
10.4847163201
15.3102705801
10.9685132715
7.09434456222
10.7306140661
13.1016409551
14.8693681288
13.1934966759
12.109042845
6.65396035016
8.1239639794
12.7554514737
13.1391665525
5.41202300543
16.0897522896
8.29794041297
14.8230716115
14.4170945559
6.9657359028
8.6059454739
7.21950770518
11.0102583405
9.83481073706
13.3928309723
8.62040086572
15.4145792437
8.70048036579
11.5449051171
9.37161184723
12.336083191
13.3080701548
9.68586094707
11.9021175463
15.7467298265
13.3000141441
11.0475172214
10.257495372
11.2380522977
12.4335941675
13.6286963829
6.98490664979
15.8820584838
10.6745613918
8.10517018599
12.5040539377
14.5949068908
12.7971265365
11.1785454838
10.424612396
14.662469289
13.5053951988
9.45324333429
9.72358510195
15.5233990268
12.9976223644
12.9466352089
13.4540705569
5.8903717579
13.1983690002
11.4815557019
12.0602526809
9.22257626807
13.0232514985
11.6179089424
11.4352295398
11.9273243603
14.6049500647
5.09861228867
11.0690234266
10.8901814282
12.506999448
9.99146454711
12.8086460608
10.2160152666
11.9284060262
11.2406496943
12.9730978963
8.99146454711
14.5705525668
9.66296048014
11.0379059634
8.98310735146
4.98490664979
7.31748811354
13.5797637087
11.0808678967
7.91202300543
12.2934603611
10.9662275562
8.49146454711
15.6993500998
9.86693328446
12.7155474119
7.18213122712
4.58351893846
10.3664451483
8.2184988713
12.8300562745
11.224044746
10.343544417
10.4017372067
12.3871002041
11.1120410348
16.4222721426
10.93838353
11.4680029472
11.901007052
11.43838353
13.9402051355
10.485491608
14.4555322054
7.88202663467
9.98141421125
6.96981329958
13.2950668036
10.5567783562
10.3731638342
12.9416763054
11.0694678131
12.17543832
9.33188247728
16.7738521622
11.822637097
11.9430727173
10.2384968409
6.33220451018
11.8640420119
9.00881318544
6.44164242261
15.4233726795
13.3413686344
7.64439089914
4.54452243772
6.04452243772
13.3417185261
8.08677472691
4.09861228867
12.9119343362
10.7719355558
12.3079207003
5.59861228867
8.68965474203
7.78749174278
10.6284959457
10.4692503168
6.09861228867
11.1966670815
12.988196321
14.069083664
11.6496926237
17.5099582946
15.0737006637
11.095780514
14.2087349856
7.97733681448
12.1995147482
6.8903717579
12.4274468163
3.09861228867
7.83220451018
16.0058823902
7.16478597392
11.5455882808
7.18887945411
10.7093402566
5.795836866
15.1299971366
4.60943791243
15.4178304162
18.8245786382
10.1333184333
6.00733318523
12.7837026986
7.00733318523
10.6066501862
14.5118935046
6.3978952728
8.07594910315
8.93081679884
10.3260440135
8.68965474203
4.60943791243
11.8524411002
15.3423743638
11.2211050982
7.5538768916
9.63122648948
15.2129143681
9.98893772616
10.6098794631
3.38629436112
10.6071174708
4.38629436112
12.7078372418
15.2671367131
9.97126183979
7.46590811865
8.70657592672
8.64439089914
14.8062456397
16.3216755286
14.5363124456
6.83073334029
15.109832541
15.0618103419
12.5263511292
11.3366645864
6.58759633523
12.1179089424
14.8489348649
12.1333749457
14.1194050588
10.5255383146
13.4976223644
7.21887582487
12.4113881325
15.0137319254
11.6853870156
13.0015163337
10.2957350727
13.0077747359
10.6899221707
7.17805383035
12.4811787483
6.45124371858
11.5026941623
12.1208860211
9.02388052085
13.2507142661
13.6262310238
11.8555446779
12.8340456412
11.3701659465
6.14313472639
8.25749537203
8.76832099579
14.2981270369
6.84380542185
12.5176371599
14.2195647144
10.5492548413
14.1081819602
7.68213122712
15.9775055197
12.6280187465
9.1416635565
14.533404691
14.4134378834
14.8016957769
10.8057225534
7.35670882669
11.1853870156
6.43182563272
8.89444915467
9.46614673912
9.28382518233
12.1671196695
12.5463635687
10.7723983926
10.120297419
14.4442588415
6.7341065046
10.079251212
12.0087871706
10.3230099791
7.67805383035
9.32894561761
13.16586468
15.2796947854
11.9828072786
7.18213122712
9.92755790628
4.79175946923
12.4293028422
8.54126354516
9.57517381523
16.0636504177
12.6786387886
10.185243608
13.8598804392
9.04985600725
14.2074365975
8.37120101091
7.37120101091
13.7911280757
10.0630481634
15.376631096
13.9332919349
7.92934562895
5.29175946923
4.77258872224
12.4213240765
12.2577836563
14.0751557014
11.2286286131
16.3760396325
9.45990445438
12.7129321908
10.2742238864
12.7514744871
10.363279587
19.9036676311
14.1223024798
16.9554961844
7.59434456222
10.7546040995
10.9196838498
12.7285879957
12.7214781164
14.0983962248
8.81811999384
14.2086260867
3.59861228867
10.8936563546
7.84710753072
13.8410176956
13.0209085482
7.88280192259
13.0901457333
7.795836866
15.7883482431
9.08496747867
12.5365820458
12.7648285573
13.3727992997
10.3497137576
8.52388052085
10.7146080984
9.1737861039
14.0704593783
11.9002098359
4.38629436112
12.0229409181
12.0258433442
9.46981329958
8.87989735354
11.3710106812
8.59511985013
11.1770187659
10.9407337074
14.9708213989
7.24849524205
13.9278681845
12.6688931821
10.2525726388
17.9642850247
8.6239639794
13.9710715101
9.60924758276
13.6488533341
14.6833627366
10.8351837553
7.21950770518
13.1679546555
14.3718335587
14.1871616036
12.0116867291
15.2284382834
7.78749174278
16.0264046117
7.40119738166
13.6596402575
8.65396035016
11.9955419439
10.282192056
9.15599181082
10.5026941623
12.2022084364
12.9830157396
12.5861367685
7.49043258678
3.59861228867
12.1676357152
13.5947861129
8.52535169074
7.43081679884
5.2080502011
10.1984827879
8.8561076607
11.3820605174
13.864122829
9.20044357339
4.2080502011
12.5369958187
15.5799863799
12.1889133369
8.23766961828
10.6745613918
12.4369977426
12.9875717504
14.8883141697
8.99980967033
8.34064165737
9.05295958492
13.3031145784
13.5781728386
5.93182563272
6.80666248977
13.1237736497
14.8783490338
5.18887945411
15.4873194425
10.0279579176
12.3864009012
12.0925452639
11.8508826648
8.20048036579
6.68213122712
12.8140332017
13.1221410386
13.8901639161
9.98920493133
7.65905529921
10.7467329078
11.5908521237
14.7288684091
12.2222850739
11.329749689
13.5037852739
9.02795791762
4.98490664979
12.3479347533
12.8938949751
11.2799219075
14.3395809117
13.3784974037
11.0448610687
8.78382518233
6.77258872224
13.3913137516
10.8875525717
13.3694785933
8.73766961828
10.343544417
9.31711115996
3.10943791243
13.3508620637
12.6761103422
12.4038152117
15.9718428685
9.7093402566
14.6315191349
12.3783907885
4.88629436112
15.5739076699
14.9958747299
13.3260123793
10.2690962837
11.9821189236
12.0028914067
12.4024874372
11.2779202582
13.66586468
6.67805383035
11.6490982623
11.9767732714
10.5614569189
15.094770176
3.60943791243
10.0306852603
9.84035930373
7.60517018599
12.6927665212
14.5179161484
15.0728542044
13.6648072682
14.047068281
7.74702407216
13.8934372167
8.69295685089
15.9426456172
5.3903717579
14.7079972009
14.6482779662
10.7511014689
15.5627722136
8.09434456222
11.0702808934
17.5181874935
11.2071188562
14.5084463263
5.38629436112
10.901007052
13.4171931996
10.7709884319
15.060415918
11.1823521119
9.2957905456
9.89972310728
7.3903717579
6.97673374242
11.7214789473
13.6683979302
10.2781146592
11.262628601
8.91265488574
9.62559507213
10.998869734
10.2906960312
12.7222689428
12.6798221149
7.98898404656
12.7447417987
11.8211885567
12.8548815925
7.24702407216
14.2082479565
18.41199641
7.295836866
8.04985600725
5.48490664979
12.4345868704
14.0572381523
10.9232469635
15.0591888082
9.76519110278
5.83220451018
7.18887945411
12.094378445
12.687442167
13.4446216677
7.14439089914
7.88202663467
5.29175946923
10.8669332845
8.40522845803
9.60987946307
8.77811465923
9.76849321165
12.0811424335
15.2089513957
7.71950770518
8.6059454739
9.78445706264
13.9656144707
14.056036951
9.2184988713
9.08140436498
15.4152055061
9.6080006253
15.51282546
12.7503662784
7.77287700655
10.2766434893
12.187442167
12.978595025
17.7376290133
11.5814816813
12.6687889448
9.23009978297
12.0116867291
14.2906529035
10.7970910052
8.49980967033
14.4391777907
19.1937554383
9.34354441703
9.57594910315
7.20048036579
3.88629436112
11.4759083602
16.6534099929
11.1853870156
4.59861228867
8.6239639794
14.4202554858
13.338842359
8.37773578178
13.846917201
13.803169856
10.7238324408
13.3952537476
15.1673600101
15.9595352367
13.6870862996
6.99980967033
10.4157234486
11.0648398449
14.3307973509
12.954673629
12.5583273066
16.0133734266
9.66057514984
4.38629436112
14.8411164572
13.469468637
11.5333340159
7.37120101091
11.4932823281
14.0503551647
6.28418963392
8.24174701506
13.0181191461
9.70455776257
4.60943791243
12.8976823135
8.2621739348
9.52209279817
16.4722756863
9.598421959
7.99980967033
11.176009932
12.0802374162
16.246398517
15.8253977062
9.42425579741
6.68213122712
14.5438813752
12.2867732311
13.2203400023
10.3046145201
17.7221280191
11.1049654483
4.38629436112
11.5121152943
10.8351845861
10.4679423323
12.2302055955
7.98898404656
5.83220451018
7.50733318523
14.4294574612
12.1120658027
9.15396035016
12.9934118319
11.0715733642
14.4532261498
12.402904045
11.7160152666
9.09511985013
7.32028156561
8.59434456222
11.8829467993
9.43489419562
15.028189851
15.284033187
11.4407337074
12.6461139715
15.2077189233
7.39444915467
9.05295958492
9.52146091786
10.3264656138
11.0740450054
11.3790081276
15.1746871078
14.122185087
12.4774123214
16.6197410374
11.4902381857
10.2690962837
2.09861228867
10.4847163201
10.9246392098
12.5773471142
13.6655440773
7.94164242261
12.8030107068
11.3328075165
9.098421959
8.45532111536
8.8375380797
7.54305126783
16.2918239071
8.09434456222
4.59861228867
7.08759633523
4.09861228867
7.88202663467
16.98270123
6.98898404656
5.59861228867
13.9469739585
13.167765219
3.88629436112
18.431318706
14.2523556081
8.8375380797
16.6476285738
9.04985600725
4.44591014906
13.5951945262
9.84064165737
4.60943791243
8.89444915467
11.8773819547
13.6962173504
14.2506854079
12.6160296925
6.88202663467
7.15396035016
11.5900768358
4.7080502011
7.88202663467
13.4043434335
15.7892381502
12.2048339097
13.0929072751
9.68959926918
14.6929444132
10.0038870671
12.9124645561
8.69295685089
12.3679968851
13.0080717803
15.2994227907
12.7327060099
15.3692348931
5.7080502011
6.48898404656
12.6416031729
11.0517122154
10.6553906448
12.4752507496
9.76832099579
13.1140320683
10.8160138392
5.74849524205
12.9154014157
7.52535169074
10.9627891574
11.7181768384
11.9810497597
11.6889133369
16.8301430225
12.3740281226
7.33220451018
10.3031700512
13.3873581706
17.4997238921
12.2319307219
13.6683486972
10.0708829623
14.1081004672
7.24849524205
12.0110233792
5.93081679884
7.8283137373
4.09861228867
12.8610852587
9.31711115996
10.1821085974
10.0120712458
11.4487384548
9.63122648948
5.3903717579
12.584777149
10.4067547786
6.99980967033
14.4323665121
14.0309735446
12.0928702878
8.82028156561
10.8132203871
14.2470772569
14.6931302018
8.40527477844
13.1550261932
6.17805383035
11.644919345
11.6347984335
11.9246392098
10.7298387782
12.5238903046
7.91202300543
16.9772173669
9.37773578178
16.6521037154
6.55534806149
12.8319915508
15.4837026063
15.6412834988
14.5023240536
10.5708829623
15.955917545
10.5218592522
15.0356649519
12.9501443642
4.77258872224
13.0543880702
9.07517381523
13.2809644006
13.670915896
8.5063531596
13.625990899
13.7278872079
6.18887945411
9.9957661563
13.6276705634
5.87120101091
9.43807930892
16.4726434348
8.06842558824
14.2692411604
8.33073334029
13.9644167633
14.332743148
17.7751325319
9.45532111536
8.47733681448
6.87120101091
14.0814663599
9.84710753072
11.4887937169
8.18965474203
5.98490664979
11.6886891244
10.4914645471
7.57517381523
14.7173724981
14.4313554367
14.331561813
4.09861228867
10.4565454432
10.9265490724
10.8815018945
6.83220451018
13.2268696987
11.3684132847
15.064967479
12.1347984335
11.8524411002
7.77666611902
6.91265488574
13.6787802792
10.5072777124
7.7080502011
11.3993214342
7.08759633523
14.933644134
12.7301429993
10.1320017774
13.3497106531
12.8713650051
9.28074351579
14.03622488
10.223585102
10.7990558621
10.1737861039
9.65544035037
15.6080801647
8.75257263883
7.47733681448
11.1644090204
8.33628190695
14.042374202
14.8049978857
10.8485378254
8.78826703069
6.16356164613
11.1745613918
13.3079123376
16.6718423242
11.9594401436
13.2753787682
11.9442486495
11.9250779025
12.9012086347
12.7352280875
5.9657359028
13.0655457871
14.2437383557
10.8752320873
9.03043792139
6.90119738166
4.60943791243
6.08351893846
11.0781454724
14.6065799694
11.157282793
7.88202663467
13.0882106787
16.5047540034
12.2829886927
10.9847163201
7.64439089914
11.5953872789
14.6451867737
7.74174701506
7.21950770518
14.1612982464
11.0903010482
14.7778306566
13.2464794186
12.5492322116
4.67805383035
11.3134445995
7.50125821054
4.38629436112
11.9610214659
10.7406644019
12.4709398069
7.73766961828
15.7013877629
11.4920804906
12.4175363539
7.73766961828
9.0903010482
15.9829290942
8.38202663467
14.284455029
11.9902381857
9.96602418711
6.24849524205
14.296468715
14.9842413229
9.1737861039
6.98490664979
15.6037534949
12.5596337546
8.08759633523
15.7493236875
13.1013007939
7.37527840768
12.2106533235
13.7146419812
14.1699204519
13.6763359798
11.0665214905